101:101	130
101:102	78
101:103	104
101:104	104
101:105	52
101:106	52
101:107	126
102:101	78
102:102	78
102:103	78
102:104	52
102:105	26
102:106	26
102:107	75
103:101	104
103:102	78
103:103	104
103:104	78
103:105	26
103:106	52
103:107	100
104:101	104
104:102	52
104:103	78
104:104	104
104:105	52
104:106	52
104:107	101
105:101	52
105:102	26
105:103	26
105:104	52
105:105	52
105:106	26
105:107	51
106:101	52
106:102	26
106:103	52
106:104	52
106:105	26
106:106	52
106:107	50
107:101	126
107:102	75
107:103	100
107:104	101
107:105	51
107:106	50
107:107	126
